500
652
372
518
183
791
241
719
492
461
480
689
90
528
408
717
685
536
652
335
360
618
487
273
473
632
518
415
151
46
48
673
253
769
542
668
93
588
448
377
579
219
659
362
144
737
689
628
651
447
328
507
656
352
776
624
776
789
539
652
113
17
105
608
410
83
268
726
748
786
18
609
330
704
554
761
176
71
558
600
725
570
711
768
766
698
50
620
304
173
184
519
510
104
790
409
175
673
184
599
224
766
454
571
224
151
785
651
238
195
709
705
622
37
327
27
40
739
401
749
116
501
735
44
585
756
89
586
190
146
111
86
762
566
737
582
563
646
643
776
431
533
671
352
86
283
366
243
286
194
336
563
179
549
558
138
538
58
204
24
439
40
113
702
360
143
252
393
686
711
66
459
720
378
745
533
589
72
461
65
734
544
39
136
236
489
487
17
755
150
284
731
294
147
650
573
263
782
461
318
401
344
248
127
73
705
201
649
234
323
100
284
419
235
334
799
794
129
386
194
268
115
271
73
57
15
435
134
153
361
562
296
748
385
423
45
664
488
789
417
398
293
422
619
55
621
568
760
229
196
501
579
596
420
354
198
317
414
581
187
138
393
186
329
84
778
184
778
354
377
25
550
19
112
540
622
504
784
149
423
577
697
98
497
762
245
259
678
152
126
401
331
719
184
798
581
604
566
755
345
478
287
199
703
675
138
109
108
479
797
314
515
502
182
452
728
151
8
431
128
624
266
260
403
745
718
422
328
563
134
398
676
340
749
605
304
396
49
35
393
208
353
38
287
648
730
704
411
374
236
291
411
547
484
660
141
296
725
268
53
566
782
210
128
752
665
748
99
335
165
112
468
73
397
432
483
324
30
528
345
589
135
184
381
255
699
676
220
62
185
456
236
580
716
193
676
457
144
750
30
21
106
693
399
60
738
63
471
31
343
405
126
606
399
304
197
252
100
88
118
721
178
443
392
228
349
244
524
386
378
730
763
620
140
32
748
224
646
444
155
242
274
64
682
789
92
563
451
416
275
247
221
170
604
478
595
306
255
619
89
752
514
536
527
430
176
577
169
146
251
401
47
235
268
153
346
643
628
525
440
319
451
792
477
649
167
630
635
437
458
499
501
663
551
358
706
699
9
700
251
593